479,48
479,45
2,20
2,19
2,18
2,17
2,16
2,15
2,14
2,13
2,12
2,11
2,10
2,9
2,8
2,7
2,6
2,4
2,3
2,2
2,1
2,0
1,7
1,6
1,5
1,4
1,3
1,2
1,1
1,0
0,508
0,499
0,490
0,486
0,484
0,481
0,479
0,473
0,471
0,466
0,464
0,461
0,458
0,457
0,456
0,454
0,451
0,449
0,448
0,447
0,445
0,443
0,442
0,440
0,436
0,435
0,433
0,427
0,426
0,423
0,415
0,411
0,408
0,407
0,399
0,382
0,379
0,376
0,375
0,374
0,371
0,364
0,359
0,355
0,354
0,349
0,348
0,347
0,340
0,339
0,337
0,333
0,331
0,326
0,325
0,322
0,320
0,315
0,314
0,313
0,301
0,243
400,1
400,3
0,485
0,441
400,0
0,321
0,9
0,310
0,305
0,363
0,356
0,500
0,472
0,455
0,450
0,446
0,431
0,459
0,453
0,480
0,467
0,468
0,323
0,308
0,304
0,303
0,302
0,307
0,444
0,12
0,373
0,10
0,452
0,8
0,0
0,388
0,300
0,405
0,299
0,402
0,298
0,493
0,297
0,336
0,296
0,295
0,335
0,294
0,352
0,293
0,309
0,292
0,329
0,291
0,384
0,290
0,404
0,289
0,344
0,288
0,506
0,287
0,286
0,390
0,285
0,284
0,412
0,283
0,282
0,381
0,281
0,492
0,280
0,345
0,279
0,380
0,278
0,419
0,277
0,406
0,276
0,401
0,275
2,21
2,22
2,24
2,25
2,27
2,28
2,30
2,32
2,33
2,35
2,64
2,66
2,68
2,69
2,71
2,72
2,74
2,75
2,77
2,79
2,80
2,82
2,83
2,85
2,87
2,88
2,90
2,91
2,93
2,94
2,96
2,98
2,99
2,101
2,102
2,104
2,106
2,107
2,109
2,110
2,112
2,113
2,115
2,117
2,118
2,120
2,121
2,123
2,125
2,128
3,1
3,2
3,4
3,6
4,0
4,2
4,3
24,1
24,2
24,4
24,6
24,7
24,9
25,0
25,2
25,4
25,5
25,7
25,9
25,11
25,12
25,14
25,16
25,17
25,19
25,20
25,22
25,24
25,25
26,0
26,1
26,3
26,4
26,12
26,16
26,17
26,21
26,22
26,24
27,1
27,3
27,5
27,6
27,23
27,25
28,0
28,2
28,3
28,5
28,6
29,0
29,3
29,4
30,1
30,3
31,1
31,4
32,0
32,3
33,0
33,3
34,0
34,2
34,4
34,5
35,1
35,3
35,6
36,1
36,2
36,4
36,5
36,7
36,8
37,0
37,3
37,4
38,0
38,1
38,3
39,0
39,1
39,4
40,0
40,2
40,3
40,5
41,1
41,3
41,5
42,0
42,3
42,5
43,0
43,3
43,4
43,6
43,10
43,11
43,14
44,0
44,3
45,0
45,3
46,1
46,3
47,1
47,3
48,1
48,4
48,5
49,0
49,1
49,4
49,6
50,0
50,3
50,4
50,6
51,0
51,3
51,5
51,6
52,0
52,1
52,4
52,5
53,1
53,4
53,5
54,1
54,3
54,5
55,1
55,3
56,0
56,1
56,4
56,6
57,0
57,3
57,6
58,1
58,3
58,5
59,1
59,3
60,0
60,1
60,4
61,1
61,2
61,4
61,5
61,7
61,8
62,1
62,3
62,4
62,6
62,7
62,9
62,11
62,12
62,14
62,15
62,17
62,18
63,1
63,3
63,4
64,0
64,1
64,4
64,6
65,0
65,3
66,0
66,3
67,0
67,3
68,1
68,3
69,1
69,3
70,1
71,0
71,1
72,0
72,1
73,0
73,3
74,0
74,3
75,0
75,3
75,5
76,1
76,3
76,4
76,6
77,0
77,3
78,1
78,3
78,5
78,6
78,8
78,9
78,11
79,1
79,3
80,1
80,3
81,1
82,0
82,1
83,0
83,1
83,4
83,5
83,8
83,10
84,0
84,3
84,4
84,6
84,8
84,9
84,11
84,15
84,18
84,23
84,24
84,28
84,29
84,31
84,32
84,36
84,38
84,39
85,1
85,3
85,5
86,0
86,1
86,4
87,0
87,3
88,0
88,3
89,1
89,3
90,0
90,1
90,4
90,6
91,0
91,3
91,5
91,7
92,0
92,3
93,1
93,3
94,1
94,3
95,1
95,5
96,0
96,3
97,0
97,3
98,1
98,3
99,1
99,3
100,1
100,3
101,1
102,0
102,1
103,0
103,1
104,0
104,3
105,0
105,3
106,0
106,3
107,0
107,3
108,1
108,3
109,1
109,3
110,1
111,0
111,1
112,0
112,1
113,0
113,1
113,4
114,1
114,3
115,1
115,3
116,1
116,4
116,5
117,1
117,3
117,5
118,0
118,2
118,4
118,5
118,7
118,8
118,10
119,0
119,1
119,3
119,4
119,6
119,8
119,9
120,1
120,3
121,1
121,2
121,4
121,6
121,7
121,9
122,0
122,2
122,4
122,5
122,7
122,8
122,10
122,11
123,1
123,3
123,4
123,6
123,7
123,9
123,11
123,12
124,1
124,3
125,1
125,3
126,1
127,0
127,1
127,4
128,0
128,3
128,5
128,7
129,1
129,3
130,1
130,4
130,5
131,1
131,3
132,0
132,1
132,5
133,1
133,3
133,6
134,0
134,3
135,1
135,3
136,1
136,3
137,1
137,3
138,1
139,0
139,1
139,4
139,5
140,1
140,4
141,0
141,3
142,0
142,3
143,0
143,3
144,1
144,3
145,1
145,3
146,1
146,4
147,0
147,3
148,0
148,2
148,3
148,5
148,7
148,8
148,10
148,11
148,13
148,15
148,16
148,18
148,19
148,21
148,23
148,24
148,26
148,27
148,29
148,30
148,32
148,34
148,35
148,37
148,38
148,40
148,42
149,0
149,3
149,4
150,1
150,3
151,1
152,0
152,1
153,0
153,1
154,0
154,3
155,0
155,3
155,4
156,1
156,3
156,5
157,0
157,1
157,3
157,4
157,6
158,1
158,3
159,1
159,3
160,1
160,4
160,5
160,7
160,8
160,10
160,11
160,13
160,15
161,0
161,3
161,4
161,6
162,0
162,1
163,0
163,1
163,5
164,0
164,3
165,1
165,3
166,1
166,3
167,1
168,0
168,1
169,0
169,1
169,5
169,6
170,0
170,3
171,0
171,3
172,0
172,3
173,1
173,3
174,1
174,3
175,1
175,3
176,1
177,0
177,1
178,0
178,1
179,0
179,3
180,0
180,3
180,5
181,0
181,3
182,0
182,3
183,0
183,3
184,0
184,3
184,5
185,0
185,3
186,0
186,3
187,1
187,3
188,1
188,3
189,1
189,3
190,1
191,0
191,1
191,6
192,0
192,3
193,1
193,3
194,1
194,3
195,0
195,1
196,0
196,3
197,0
197,3
197,4
198,1
199,0
199,1
200,0
200,1
201,0
201,3
202,0
202,3
203,0
203,3
203,4
203,6
204,1
204,3
204,6
205,0
205,3
206,1
206,3
207,1
207,3
208,1
208,3
209,1
210,0
210,1
211,0
211,1
212,0
212,3
213,0
213,3
214,0
214,3
215,0
215,3
216,1
216,3
216,5
216,6
217,1
218,0
218,1
219,0
219,1
220,0
220,3
221,0
221,3
221,4
222,1
222,3
223,0
223,3
224,0
224,3
224,4
224,6
225,1
225,3
226,1
226,3
227,1
227,3
228,1
229,0
229,1
229,4
229,5
230,1
231,0
231,1
232,0
232,1
233,0
233,1
233,4
233,6
234,0
234,3
234,4
235,1
236,0
236,1
237,0
237,1
238,0
238,1
239,0
239,3
240,0
240,3
241,0
241,3
242,1
242,3
242,6
243,0
243,3
244,1
244,3
245,1
245,3
246,1
246,3
247,1
248,0
248,1
249,0
249,1
250,0
250,3
251,0
251,3
252,0
252,3
253,0
253,3
254,1
254,3
255,1
255,3
256,1
257,0
257,1
258,0
258,1
259,0
259,1
260,0
260,3
261,0
261,3
262,0
262,3
263,1
263,3
264,1
264,3
265,1
266,0
266,1
267,0
267,1
268,0
268,1
269,0
269,3
270,0
270,3
271,0
271,3
272,1
272,3
273,1
273,3
274,1
274,3
275,1
276,0
276,1
277,0
277,1
278,0
278,3
279,0
279,3
280,0
280,3
281,0
281,3
282,1
282,3
283,1
283,3
284,1
285,0
285,1
286,0
286,1
287,0
287,1
287,4
288,1
288,3
289,1
289,3
290,1
291,0
291,1
292,0
292,1
292,4
293,1
293,3
294,1
294,3
295,1
295,3
296,1
297,0
297,1
298,0
298,1
299,0
299,3
300,0
300,3
301,0
301,3
302,0
302,3
303,1
303,3
304,1
304,3
305,0
305,3
306,0
306,3
306,6
307,1
307,3
308,1
309,0
309,1
310,0
310,1
311,0
311,3
312,0
312,3
313,0
313,3
314,1
314,3
315,1
315,3
316,1
316,3
317,1
318,0
318,1
319,0
319,1
320,0
320,3
321,0
321,3
322,0
322,3
323,0
323,3
324,1
324,3
325,1
325,3
326,1
327,0
327,1
328,0
328,1
329,0
329,1
330,0
330,3
331,0
331,3
332,0
332,3
333,1
333,3
334,1
334,3
335,1
335,3
336,0
336,3
337,0
337,3
338,0
338,3
339,1
339,3
340,1
340,3
341,1
342,0
342,1
343,0
343,1
344,0
344,1
345,0
345,3
346,0
346,3
347,0
347,3
348,1
348,3
349,1
349,3
350,1
350,3
351,0
351,3
352,0
352,3
352,4
353,1
353,3
353,4
354,1
354,2
354,4
355,0
355,2
355,4
355,5
355,7
355,8
356,0
356,3
356,4
357,0
357,1
358,0
358,3
359,0
359,3
360,0
360,3
361,0
361,3
362,1
362,3
363,1
363,3
364,1
365,0
365,1
366,0
366,1
367,0
367,1
368,0
368,3
369,0
369,3
370,0
370,3
371,1
371,3
372,1
372,3
373,1
373,3
374,1
375,0
375,1
376,0
376,1
377,0
377,3
378,0
378,3
379,0
379,3
380,1
380,3
381,1
381,3
382,1
382,3
383,1
384,0
384,1
385,0
385,1
386,0
386,3
387,0
387,3
388,0
388,3
389,0
389,3
390,1
390,3
391,1
391,3
392,1
393,0
393,1
394,0
394,1
395,0
395,1
396,0
396,3
396,4
397,1
397,3
398,0
398,3
398,4
398,6
398,7
399,1
399,3
400,4
401,1
401,3
402,1
402,3
403,1
404,0
404,1
405,0
405,1
406,0
406,3
407,0
407,3
408,0
408,3
409,0
409,3
410,1
410,3
412,1
412,3
421,1
424,0
424,1
425,0
425,1
426,0
426,1
427,0
427,3
428,0
428,3
429,0
429,3
430,1
430,3
431,1
431,3
432,1
432,3
433,1
434,0
434,1
435,0
435,1
435,3
435,5
435,6
435,8
435,10
435,12
435,15
435,16
435,18
435,20
435,22
435,23
435,27
435,30
435,31
435,33
435,34
435,37
435,39
435,40
435,42
435,43
435,45
435,46
435,48
435,50
435,51
435,53
435,54
435,56
435,58
435,59
435,61
435,62
435,64
435,65
435,67
435,69
435,70
435,72
435,73
435,75
435,77
435,78
435,80
435,81
435,83
435,84
435,86
435,88
435,89
435,91
435,92
435,94
435,96
435,97
435,99
435,100
435,102
435,104
435,105
435,107
435,108
435,110
435,111
435,113
435,115
435,116
435,118
435,119
435,121
435,123
435,124
435,126
435,127
435,129
435,130
435,132
435,134
435,135
435,137
435,138
435,140
435,142
435,143
435,145
435,146
435,148
435,149
435,151
435,153
435,154
435,156
435,157
435,159
435,161
435,162
435,164
435,165
435,193
435,195
435,196
435,198
435,199
435,201
435,202
435,204
435,206
435,207
435,209
435,210
435,212
435,214
435,215
435,217
435,218
435,220
435,221
435,223
435,225
435,226
435,228
435,229
435,231
435,233
435,234
435,236
435,237
435,239
435,240
435,242
435,244
435,245
435,247
435,248
435,250
435,252
435,253
435,255
435,256
435,258
435,259
435,261
435,263
435,264
435,266
435,267
435,269
435,271
435,272
435,274
435,275
435,277
435,279
435,280
435,282
435,283
435,285
435,286
435,288
435,290
435,291
435,293
435,294
435,296
435,298
435,299
435,301
435,302
435,304
435,305
435,307
435,309
435,310
435,312
435,313
435,315
435,317
435,318
435,320
435,321
435,323
435,324
435,326
435,328
435,329
435,331
435,332
435,334
435,336
435,337
435,339
435,340
435,342
435,344
435,345
435,347
435,348
435,350
435,351
435,353
435,355
435,356
435,358
435,359
435,361
435,363
435,364
435,366
435,367
435,369
435,370
435,372
435,374
435,375
435,377
435,378
435,380
435,382
435,383
435,385
435,386
435,388
435,389
435,391
435,393
435,394
435,396
435,397
435,399
435,401
435,402
435,404
435,405
435,407
435,409
435,410
435,412
435,413
435,415
435,416
435,418
435,420
435,421
435,423
435,424
435,426
435,428
435,429
435,431
435,432
435,434
435,435
435,437
435,439
435,440
435,442
435,443
435,445
435,447
435,448
435,450
435,451
435,453
435,454
435,456
435,458
435,459
435,461
435,462
435,464
435,466
435,467
435,469
435,470
435,472
435,473
435,475
435,477
435,478
435,480
435,481
435,483
435,485
435,486
435,488
435,489
435,491
435,493
435,494
435,496
435,497
435,499
435,500
435,502
435,504
435,505
435,507
435,508
435,510
435,512
435,513
435,515
435,516
435,518
435,519
435,521
435,523
435,524
435,526
435,527
435,529
435,531
435,532
435,534
435,535
435,537
435,538
435,540
435,542
435,543
435,545
435,546
435,548
435,550
435,551
435,553
435,554
435,556
435,558
435,559
435,561
435,562
435,564
435,565
435,567
435,569
435,570
435,572
435,573
435,575
435,577
435,578
435,580
435,581
435,583
435,584
435,586
435,588
435,589
435,591
435,592
435,594
435,596
435,597
435,599
435,600
435,602
435,603
435,605
435,607
435,608
435,610
435,611
435,613
435,615
435,616
435,618
435,619
435,621
435,622
435,624
435,626
435,627
435,629
435,630
435,632
435,634
435,635
435,637
435,638
435,640
435,642
435,643
435,645
435,646
435,648
435,649
435,651
435,653
435,654
435,656
435,657
435,659
435,661
435,662
435,664
435,665
435,667
435,668
435,670
435,672
435,673
435,675
435,676
435,678
435,680
435,681
435,683
435,684
435,686
435,687
435,689
435,691
435,692
435,694
435,695
435,697
435,699
435,700
435,702
435,703
435,705
435,707
435,708
435,710
435,711
435,713
435,714
435,716
435,718
435,719
435,721
435,722
435,724
435,726
435,727
435,729
435,730
435,732
435,733
435,735
435,737
435,738
435,740
435,741
435,743
435,745
435,746
435,748
435,749
435,751
435,752
435,754
435,756
435,757
435,759
435,760
435,762
435,764
435,765
435,767
435,768
435,770
435,771
435,832
435,834
435,835
435,837
435,838
435,840
435,842
435,843
435,845
435,846
435,848
435,850
435,851
435,853
435,854
435,856
435,857
435,859
435,861
435,862
435,864
435,865
435,867
435,869
435,870
435,872
435,873
435,875
435,876
435,878
435,880
435,881
435,883
435,884
435,886
435,888
435,889
435,891
435,892
435,894
435,895
435,897
435,899
435,900
435,902
435,903
435,905
435,907
435,908
435,910
435,911
435,913
435,915
435,916
435,918
435,919
435,921
435,922
435,924
435,926
435,927
435,929
435,930
435,932
435,934
435,935
435,937
435,938
435,940
435,941
435,943
435,945
435,946
435,948
435,949
435,951
435,953
435,954
435,956
435,957
435,959
435,960
435,962
435,964
435,965
435,967
435,968
435,970
435,972
435,973
435,975
435,976
435,978
435,980
435,981
435,983
435,984
435,986
435,987
435,989
435,991
435,992
435,994
435,995
435,997
435,999
435,1000
435,1002
435,1003
435,1005
435,1006
435,1008
435,1010
435,1011
435,1013
435,1014
435,1016
435,1018
435,1019
435,1021
435,1022
435,1024
435,1025
435,1027
435,1029
435,1030
435,1032
435,1033
435,1035
435,1037
435,1038
435,1040
435,1041
435,1043
435,1044
435,1046
435,1048
435,1049
435,1051
435,1052
435,1054
435,1056
435,1088
435,1090
435,1091
435,1093
435,1095
435,1096
435,1098
435,1099
435,1101
435,1102
435,1104
435,1106
435,1107
435,1109
435,1110
435,1112
435,1114
435,1115
435,1117
435,1118
435,1120
435,1121
435,1123
435,1125
435,1126
435,1128
435,1129
435,1131
435,1133
435,1134
435,1136
435,1137
435,1139
435,1140
435,1142
435,1144
435,1145
435,1147
435,1148
435,1150
435,1152
435,1153
435,1155
435,1156
435,1158
435,1160
435,1161
435,1163
435,1164
435,1166
435,1167
435,1169
435,1171
435,1172
435,1174
435,1175
435,1177
435,1179
435,1180
435,1217
435,1218
435,1220
435,1221
435,1223
435,1225
435,1226
435,1228
435,1229
435,1231
435,1233
435,1234
435,1236
435,1237
435,1239
435,1240
435,1242
435,1244
435,1245
435,1247
435,1248
435,1250
435,1252
435,1253
435,1255
435,1256
435,1258
435,1259
435,1261
435,1263
435,1264
435,1266
435,1267
435,1269
435,1271
435,1272
435,1274
435,1275
435,1277
435,1279
435,1280
435,1282
435,1283
435,1285
435,1286
435,1288
435,1290
435,1291
435,1293
435,1294
435,1296
435,1298
435,1299
435,1301
435,1302
435,1304
435,1305
435,1307
435,1309
435,1310
435,1312
435,1313
435,1315
435,1317
435,1318
435,1320
435,1321
435,1323
435,1324
435,1326
435,1328
435,1329
435,1331
435,1332
435,1334
435,1336
435,1337
435,1339
435,1340
435,1342
436,0
436,1
436,4
436,5
437,0
437,1
438,0
438,3
439,0
439,3
440,0
440,3
441,1
441,3
442,1
442,3
443,1
443,3
443,5
444,1
444,3
445,1
445,3
446,1
447,0
447,1
448,0
448,1
449,0
449,1
450,0
450,3
451,0
451,3
451,5
452,1
452,5
453,0
453,3
454,0
454,3
454,5
455,1
456,0
456,1
457,0
457,1
458,0
458,3
459,0
459,3
460,0
460,3
461,1
461,3
462,1
462,3
463,1
463,3
464,1
465,0
465,1
466,0
466,1
467,0
467,3
468,0
468,3
469,0
469,3
470,0
470,3
471,1
471,3
472,1
472,3
473,1
474,0
474,1
475,0
475,1
476,0
476,1
477,0
477,3
478,0
478,3
479,0
479,2
479,4
479,5
479,7
479,8
479,10
479,12
479,13
479,15
479,16
479,18
479,19
479,21
479,23
479,24
479,26
479,27
479,29
479,31
479,32
479,34
479,35
479,37
479,38
479,40
479,42
479,43
479,46
479,50
479,51
479,53
479,54
479,56
480,0
480,3
481,1
481,2
481,4
481,5
482,1
482,3
482,4
482,2
482,0
481,3
481,0
480,1
479,55
479,52
479,49
479,47
479,44
479,41
479,39
479,36
479,33
479,30
479,28
479,25
479,22
479,20
479,17
479,14
479,11
479,9
479,6
479,3
479,1
478,1
477,1
476,3
475,3
474,3
473,3
473,0
472,0
471,0
470,1
469,1
468,1
467,1
466,3
465,3
464,3
464,0
463,0
462,0
461,0
460,1
459,1
458,1
457,3
456,3
455,3
455,0
454,1
453,1
452,3
452,0
451,1
450,1
449,3
448,3
447,3
446,3
446,0
445,0
444,0
443,4
443,0
442,0
441,0
440,1
439,1
438,1
437,3
436,6
436,3
435,1343
435,1341
435,1338
435,1335
435,1333
435,1330
435,1327
435,1325
435,1322
435,1319
435,1316
435,1314
435,1311
435,1308
435,1306
435,1303
435,1300
435,1297
435,1295
435,1292
435,1289
435,1287
435,1284
435,1281
435,1278
435,1276
435,1273
435,1270
435,1268
435,1265
435,1262
435,1260
435,1257
435,1254
435,1251
435,1249
435,1246
435,1243
435,1241
435,1238
435,1235
435,1232
435,1230
435,1227
435,1224
435,1222
435,1219
435,1216
435,1178
435,1176
435,1173
435,1170
435,1168
435,1165
435,1162
435,1159
435,1157
435,1154
435,1151
435,1149
435,1146
435,1143
435,1141
435,1138
435,1135
435,1132
435,1130
435,1127
435,1124
435,1122
435,1119
435,1116
435,1113
435,1111
435,1108
435,1105
435,1103
435,1100
435,1097
435,1094
435,1092
435,1089
435,1055
435,1053
435,1050
435,1047
435,1045
435,1042
435,1039
435,1036
435,1034
435,1031
435,1028
435,1026
435,1023
435,1020
435,1017
435,1015
435,1012
435,1009
435,1007
435,1004
435,1001
435,998
435,996
435,993
435,990
435,988
435,985
435,982
435,979
435,977
435,974
435,971
435,969
435,966
435,963
435,961
435,958
435,955
435,952
435,950
435,947
435,944
435,942
435,939
435,936
435,933
435,931
435,928
435,925
435,923
435,920
435,917
435,914
435,912
435,909
435,906
435,904
435,901
435,898
435,896
435,893
435,890
435,887
435,885
435,882
435,879
435,877
435,874
435,871
435,868
435,866
435,863
435,860
435,858
435,855
435,852
435,849
435,847
435,844
435,841
435,839
435,836
435,833
435,772
435,769
435,766
435,763
435,761
435,758
435,755
435,753
435,750
435,747
435,744
435,742
435,739
435,736
435,734
435,731
435,728
435,725
435,723
435,720
435,717
435,715
435,712
435,709
435,706
435,704
435,701
435,698
435,696
435,693
435,690
435,688
435,685
435,682
435,679
435,677
435,674
435,671
435,669
435,666
435,663
435,660
435,658
435,655
435,652
435,650
435,647
435,644
435,641
435,639
435,636
435,633
435,631
435,628
435,625
435,623
435,620
435,617
435,614
435,612
435,609
435,606
435,604
435,601
435,598
435,595
435,593
435,590
435,587
435,585
435,582
435,579
435,576
435,574
435,571
435,568
435,566
435,563
435,560
435,557
435,555
435,552
435,549
435,547
435,544
435,541
435,539
435,536
435,533
435,530
435,528
435,525
435,522
435,520
435,517
435,514
435,511
435,509
435,506
435,503
435,501
435,498
435,495
435,492
435,490
435,487
435,484
435,482
435,479
435,476
435,474
435,471
435,468
435,465
435,463
435,460
435,457
435,455
435,452
435,449
435,446
435,444
435,441
435,438
435,436
435,433
435,430
435,427
435,425
435,422
435,419
435,417
435,414
435,411
435,408
435,406
435,403
435,400
435,398
435,395
435,392
435,390
435,387
435,384
435,381
435,379
435,376
435,373
435,371
435,368
435,365
435,362
435,360
435,357
435,354
435,352
435,349
435,346
435,343
435,341
435,338
435,335
435,333
435,330
435,327
435,325
435,322
435,319
435,316
435,314
435,311
435,308
435,306
435,303
435,300
435,297
435,295
435,292
435,289
435,287
435,284
435,281
435,278
435,276
435,273
435,270
435,268
435,265
435,262
435,260
435,257
435,254
435,251
435,249
435,246
435,243
435,241
435,238
435,235
435,232
435,230
435,227
435,224
435,222
435,219
435,216
435,213
435,211
435,208
435,205
435,203
435,200
435,197
435,194
435,192
435,163
435,160
435,158
435,155
435,152
435,150
435,147
435,144
435,141
435,139
435,136
435,133
435,131
435,128
435,125
435,122
435,120
435,117
435,114
435,112
435,109
435,106
435,103
435,101
435,98
435,95
435,93
435,90
435,87
435,85
435,82
435,79
435,76
435,74
435,71
435,68
435,66
435,63
435,60
435,57
435,55
435,52
435,49
435,47
435,44
435,41
435,38
435,35
435,32
435,29
435,26
435,21
435,17
435,14
435,11
435,7
435,4
435,2
434,3
433,3
433,0
432,0
431,0
430,0
429,1
428,1
427,1
426,3
425,3
424,3
421,3
421,0
412,0
410,0
409,1
408,1
407,1
406,1
405,3
404,3
403,3
403,0
402,0
401,0
400,2
399,0
398,5
398,1
397,4
397,0
396,1
395,3
394,3
393,3
392,3
392,0
391,0
390,0
389,1
388,1
387,1
386,1
385,3
384,3
383,3
383,0
382,0
381,0
380,0
379,1
378,1
377,1
376,3
375,3
374,3
374,0
373,0
372,0
371,0
370,1
369,1
368,1
367,3
366,3
365,3
364,3
364,0
363,0
362,0
361,1
360,1
359,1
358,1
357,3
356,5
356,1
355,9
355,6
355,3
355,1
354,3
354,0
353,2
353,0
352,1
351,1
350,4
350,0
349,0
348,0
347,1
346,1
345,1
344,3
343,3
342,3
341,3
341,0
340,0
339,0
338,1
337,1
336,1
335,5
335,0
334,0
333,0
332,1
331,1
330,1
329,3
328,3
327,3
326,3
326,0
325,0
324,0
323,1
322,1
321,1
320,1
319,3
318,3
317,3
317,0
316,0
315,0
314,0
313,1
312,1
311,1
310,3
309,3
308,3
308,0
307,0
306,1
305,1
304,4
304,0
303,0
302,1
301,1
300,1
299,1
298,3
297,3
296,3
296,0
295,0
294,0
293,0
292,3
291,3
290,3
290,0
289,0
288,0
287,3
286,3
285,3
284,3
284,0
283,0
282,0
281,1
280,1
279,1
278,1
277,3
276,3
275,3
275,0
274,0
273,0
272,0
271,1
270,1
269,1
268,3
267,3
266,3
265,3
265,0
264,0
263,0
262,1
261,1
260,1
259,3
258,3
257,3
256,3
256,0
255,0
254,0
253,1
252,1
251,1
250,1
249,3
248,3
247,3
247,0
246,0
245,0
244,0
243,1
242,5
242,0
241,1
240,1
239,1
238,3
237,3
236,3
235,3
235,0
234,1
233,5
233,3
232,3
231,3
230,3
230,0
229,3
228,3
228,0
227,0
226,0
225,0
224,5
224,1
223,1
222,4
222,0
221,1
220,1
219,3
218,3
217,3
217,0
216,4
216,0
215,1
214,1
213,1
212,1
211,3
210,3
209,3
209,0
208,0
207,0
206,0
205,1
204,4
204,0
203,5
203,1
202,1
201,1
200,3
199,3
198,3
198,0
197,1
196,1
195,3
194,4
194,0
193,0
192,1
191,3
190,3
190,0
189,0
188,0
187,0
186,1
185,1
184,4
184,1
183,1
182,1
181,1
180,6
180,1
179,1
178,3
177,3
176,3
176,0
175,0
174,0
173,0
172,1
171,1
170,1
169,7
169,3
168,3
167,3
167,0
166,0
165,0
164,1
163,3
162,3
161,7
161,5
161,1
160,14
160,12
160,9
160,6
160,3
160,0
159,0
158,0
157,5
157,2
156,6
156,4
156,0
155,1
154,1
153,3
152,3
151,3
151,0
150,0
149,1
148,41
148,39
148,36
148,33
148,31
148,28
148,25
148,22
148,20
148,17
148,14
148,12
148,9
148,6
148,4
148,1
147,1
146,3
146,0
145,0
144,0
143,1
142,1
141,1
140,3
140,0
139,3
138,3
138,0
137,0
136,0
135,0
134,1
133,4
133,0
132,3
131,5
131,0
130,3
130,0
129,0
128,4
128,1
127,3
126,3
126,0
125,0
124,0
123,10
123,8
123,5
123,2
123,0
122,9
122,6
122,3
122,1
121,8
121,5
121,3
121,0
120,0
119,7
119,5
119,2
118,11
118,9
118,6
118,3
118,1
117,4
117,0
116,3
116,0
115,0
114,0
113,3
112,3
111,3
110,3
110,0
109,0
108,0
107,1
106,1
105,1
104,1
103,3
102,3
101,3
101,0
100,0
99,0
98,0
97,1
96,1
95,3
95,0
94,0
93,0
92,1
91,6
91,1
90,5
90,3
89,4
89,0
88,1
87,1
86,3
85,6
85,4
85,0
84,37
84,35
84,30
84,25
84,22
84,16
84,10
84,7
84,5
84,1
83,9
83,6
83,3
82,3
81,3
81,0
80,0
79,0
78,10
78,7
78,4
78,0
77,1
76,5
76,2
76,0
75,1
74,1
73,1
72,3
71,3
70,3
70,0
69,0
68,0
67,1
66,1
65,1
64,5
64,3
63,5
63,2
63,0
62,16
62,13
62,10
62,8
62,5
62,2
62,0
61,6
61,3
61,0
60,3
59,4
59,0
58,4
58,0
57,1
56,5
56,3
55,5
55,0
54,4
54,0
53,3
53,0
52,3
51,7
51,4
51,1
50,5
50,1
49,7
49,3
48,6
48,3
48,0
47,0
46,0
45,1
44,1
43,13
43,9
43,5
43,1
42,4
42,1
41,4
41,0
40,4
40,1
39,3
38,4
38,2
37,5
37,1
36,9
36,6
36,3
36,0
35,4
35,0
34,3
34,1
33,1
32,1
31,3
31,0
30,0
29,1
28,7
28,4
28,1
27,24
27,20
27,4
27,0
26,23
26,20
26,14
26,5
26,2
25,26
25,23
25,21
25,18
25,15
25,13
25,10
25,6
25,3
25,1
24,8
24,5
24,3
24,0
4,1
3,5
3,3
3,0
2,124
2,122
2,119
2,116
2,114
2,111
2,108
2,105
2,103
2,100
2,97
2,95
2,92
2,89
2,86
2,84
2,81
2,78
2,76
2,73
2,70
2,67
2,65
2,34
2,31
2,29
2,26
2,23
0,491
0,274
0,334
0,273
0,306
0,272
0,271
0,478
0,270
0,312
0,269
0,268
0,324
0,267
0,392
0,266
0,385
0,265
0,476
0,264
0,498
0,263
0,432
0,262
0,378
0,261
0,497
0,260
0,429
0,259
0,332
0,258
0,372
0,257
0,351
0,256
0,474
0,255
0,370
0,254
0,505
0,253
0,369
0,252
0,410
0,251
0,400
0,250
0,425
0,249
0,368
0,248
0,319
0,247
0,424
0,246
0,367
0,245
0,504
0,244
0,330
0,242
0,475
0,241
0,360
0,240
0,403
0,239
0,338
0,238
0,387
0,237
0,428
0,236
0,341
0,235
0,414
0,234
0,416
0,233
0,318
0,232
0,311
0,231
0,465
0,230
0,342
0,229
0,397
0,228
0,460
0,227
0,422
0,226
0,502
0,225
0,418
0,224
0,394
0,223
0,389
0,222
0,393
0,221
0,395
0,220
0,489
0,219
0,328
0,218
0,434
0,217
0,496
0,216
0,366
0,215
0,398
0,214
0,439
0,213
0,353
0,212
0,361
0,211
0,327
0,210
0,317
0,209
0,509
0,208
0,507
0,207
0,383
0,206
0,501
0,205
0,357
0,204
0,421
0,203
0,377
0,202
0,488
0,201
0,487
0,200
0,365
0,199
0,391
0,198
0,483
0,197
0,413
0,196
0,438
0,195
0,358
0,194
0,511
0,193
0,192
0,346
0,63
0,62
0,463
0,61
0,343
0,60
0,362
0,59
0,350
0,58
0,386
0,57
0,495
0,56
0,510
0,55
0,396
0,54
0,494
0,53
0,417
0,52
0,420
0,51
0,437
0,50
0,503
0,49
0,409
0,48
0,482
0,47
0,462
0,46
0,316
0,45
0,477
0,6
0,5
0,1
0,430
0,11
0,4
0,2
0,3
0,7
